Sim1
8
10
18
22
28
35
44
52
60
71
79
92
99
112
119
124
128
130
141
145
145
152
160
166
169
179
187
190
199
198
201
207
213
214
219
229
237
243
247
252
255
260
262
270
273
278
281
284
289
287
290
292
294
299
302
310
316
322
331
335
341
344
341
341
346
354
361
374
372
372
380
382
382
385
385
387
397
400
405
415
417
417
427
431
437
440
443
450
452
455
458
463
461
463
469
472
473
478
476
481
487
497
497
510
514
520
530
538
533
536
547
543
544
544
552
549
551
543
548
546
547
546
545
547
549
554
554
554
553
553
559
564
567
568
569
573
576
584
587
587
589
589
588
596
595
598
601
607
607
610
610
613
614
612
611
623
621
622
624
626
631
632
643
642
636
646
650
656
655
655
659
662
663
660
665
666
662
664
661
660
663
659
659
659
656
656
653
657
661
670
667
671
671
676
675
672
672
681
686
691
688
690
686
684
685
689
688
686
687
686
683
689
691
687
691
692
690
685
689
690
698
695
701
702
695
688
690
689
689
687
688
681
681
683
679
679
683
690
689
694
691
695
686
691
695
695
703
700
699
697
694
693
696
689
690
693
700
705
700
702
697
696
696
694
699
700
702
702
713
712
713
712
708
707
708
711
708
709
709
714
708
711
713
716
714
714
719
721
717
714
718
726
734
739
737
735
740
741
738
737
740
748
753
747
750
754
752
754
764
763
766
769
772
774
773
776
773
772
774
770
767
764
769
767
762
769
763
755
753
763
764
768
774
779
790
792
789
787
780
775
774
774
773
772
769
769
770
772
777
785
786
782
780
777
776
775
776
781
783
776
776
775
777
778
776
776
775
776
776
777
782
783
786
789
791
793
795
794
788
788
782
785
793
793
789
782
780
779
783
786
787
789
789
784
786
785
795
794
800
797
799
796
794
797
800
799
798
796
796
797
797
794
789
788
790
787
791
793
794
781
780
778
777
771
764
762
759
758
765
761
756
758
758
761
762
765
764
761
757
760
752
750
757
763
763
760
755
753
749
746
750
751
752
751
747
753
758
764
763
762
757
760
754
749
751
740
745
745
740
743
744
745
748
753
752
754
756
758
757
758
754
754
746
751
753
755
757
760
770
766
767
766
770
767
774
777
775
771
776
781
783
789
786
784
785
778
777
780
791
792
792
789
788
787
783
783
784
780
777
774
768
763
767
765
763
761
757
761
759
761
759
759
759
764
760
754
753
754
757
751
749
749
752
754
755
753
750
750
750
755
755
758
764
769
769
769
768
770
770
776
777
769
768
761
758
761
762
766
763
764
768
767
764
772
768
766
763
763
767
768
770
773
772
780
780
781
778
776
777
776
769
772
773
774
775
766
762
769
771
778
771
774
773
775
781
778
774
766
769
765
768
761
759
760
760
765
761
765
770
775
776
779
789
790
798
792
797
799
797
785
783
783
784
787
781
777
783
784
790
788
784
783
780
782
787
787
792
790
792
794
786
781
782
786
784
789
794
795
803
808
806
812
807
806
805
802
796
793
788
788
794
797
799
801
803
801
801
804
801
800
801
802
801
809
808
806
808
812
810
809
805
814
814
814
816
811
805
806
805
803
808
807
805
798
795
802
806
806
801
802
805
798
793
793
790
792
790
788
791
792
795
795
794
797
803
804
803
805
812
813
814
820
818
819
821
823
826
823
818
819
816
812
812
815
818
815
814
816
820
818
816
811
807
808
804
803
799
801
805
811
807
809
803
801
806
799
806
802
800
802
796
788
785
780
787
787
788
783
780
777
770
771
763
769
767
757
757
764
758
758
755
754
760
761
756
755
748
758
759
764
765
761
763
763
762
764
761
763
761
769
771
767
763
758
763
764
769
777
769
766
771
774
779
786
783
788
793
797
791
786
785
781
784
786
785
785
782
784
782
787
783
784
788
787
780
781
784
785
787
784
788
788
781
780
772
776
775
775
772
775
774
763
768
763
770
766
763
763
771
770
770
768
762
762
762
766
764
763
766
761
755
755
757
752
748
743
742
737
732
729
732
730
736
738
735
734
730
732
730
731
732
733
735
738
739
737
736
736
740
744
742
744
752
757
756
762
758
760
755
753
751
746
747
749
751
749
743
750
749
756
758
760
762
767
776
781
777
779
774
772
774
772
777
778
783
788
790
788
789
794
794
793
799
796
796
799
800
799
802
800
810
808
807
810
803
799
803
805
801
796
793
798
796
801
800
798
799
801
799
801
809
807
807
810
811
811
813
811
815
813
810
815
814
814
809
806
802
804
810
810
