Sim1
9
14
22
29
37
43
47
55
65
72
75
87
90
96
105
108
113
117
125
132
145
150
153
162
163
166
177
185
190
200
209
217
225
229
237
241
243
248
258
265
271
277
286
292
300
306
311
316
324
325
329
337
337
343
344
348
352
357
358
361
367
373
380
391
399
402
406
408
411
417
421
423
425
423
425
425
434
434
430
429
433
436
443
447
456
458
459
460
465
465
473
475
483
490
493
494
494
503
515
523
527
534
539
539
543
544
545
553
559
570
567
570
580
577
580
582
584
585
590
589
590
597
598
596
591
600
606
609
609
604
605
607
608
615
612
615
624
630
635
640
638
641
641
641
638
641
638
634
635
638
639
642
648
652
656
659
664
673
659
663
667
663
662
667
673
669
669
670
664
661
661
658
661
660
659
657
653
661
663
667
675
678
680
682
680
678
681
680
678
679
682
685
690
686
692
694
686
688
694
696
694
691
699
700
701
701
701
698
699
701
712
713
718
715
720
723
725
721
721
721
717
717
708
707
703
705
704
709
714
719
720
722
721
716
714
718
717
718
722
722
724
720
729
730
732
733
734
732
739
735
734
732
725
730
741
736
746
743
742
740
743
741
745
749
753
748
759
766
771
774
773
769
769
765
764
765
770
760
763
760
766
762
763
763
764
762
762
773
779
783
785
787
781
780
778
783
782
775
774
780
776
776
770
765
765
766
770
768
770
777
778
782
778
780
778
780
774
778
775
777
780
780
781
780
773
781
790
788
789
784
784
785
779
781
785
778
776
779
777
772
775
776
781
779
781
791
792
797
793
795
799
801
805
804
807
809
807
809
806
806
808
800
798
793
792
793
791
791
796
793
793
786
793
791
790
786
782
778
781
781
782
785
782
779
779
777
778
777
774
775
774
779
784
782
778
776
774
776
782
782
784
784
786
785
783
786
783
780
778
776
777
782
782
780
788
790
796
799
795
796
797
801
798
798
797
796
802
806
803
808
816
817
821
820
824
824
824
827
829
823
824
812
820
814
808
811
814
816
817
815
814
811
805
799
805
811
807
810
812
810
814
821
823
819
812
812
818
811
804
803
798
797
795
793
798
802
804
804
796
796
797
798
798
799
794
795
794
796
798
799
797
795
785
789
785
783
781
778
776
770
775
770
771
768
765
758
758
755
752
756
753
761
763
761
759
758
751
749
751
749
753
752
757
757
753
756
755
754
748
744
745
749
750
753
756
754
753
757
756
765
774
770
765
761
767
778
773
775
775
773
777
778
776
777
777
786
782
779
778
777
778
788
786
783
786
793
796
797
800
800
799
795
791
789
786
786
784
782
781
778
777
780
777
778
777
778
776
774
775
777
776
777
775
772
767
771
768
772
770
767
766
763
762
764
763
763
764
768
766
769
773
771
773
776
778
781
785
786
786
794
795
802
802
801
806
804
809
801
795
794
793
790
792
797
793
788
793
793
792
786
786
779
772
772
768
773
779
780
777
785
785
789
787
781
785
787
782
780
778
780
776
773
775
775
775
779
786
788
787
786
792
796
800
802
805
802
796
796
798
789
798
799
804
800
798
799
794
794
790
787
794
784
783
781
780
779
779
778
782
775
771
765
768
762
766
768
770
775
780
786
794
796
789
792
795
806
807
813
809
810
808
811
811
815
813
806
805
804
804
810
808
812
807
808
806
805
804
803
805
803
807
805
806
803
802
801
802
804
805
799
807
810
814
812
815
812
811
801
800
799
796
791
788
788
789
787
785
790
788
792
794
792
794
799
800
804
806
804
809
810
814
816
817
821
830
835
840
833
834
833
837
839
841
837
839
840
842
841
840
843
848
850
849
852
849
847
849
843
843
844
844
846
846
851
846
846
838
834
832
831
830
832
838
843
835
840
842
842
831
831
827
829
825
826
831
833
834
834
839
841
833
833
839
836
840
843
841
841
847
841
841
840
838
839
842
833
832
834
827
827
822
821
827
833
828
829
824
820
819
822
821
814
811
806
818
823
823
823
819
823
823
822
814
806
805
807
811
812
816
823
825
820
818
822
816
812
818
818
816
816
830
831
833
830
828
826
820
811
809
803
802
814
823
829
827
836
830
829
825
822
819
815
814
815
820
822
824
819
821
817
816
810
817
820
814
808
814
810
806
806
805
803
801
802
797
802
804
808
802
799
802
799
803
802
802
808
808
803
803
803
801
809
807
807
802
803
797
796
797
798
805
806
799
798
796
797
795
792
784
778
784
787
790
797
806
810
810
809
816
816
823
824
823
821
823
824
819
817
824
818
